#note: 
#for sets: I: districts; J: potential sites
#for parameters -->
# p: population in each district
# d: distance in km from district to site
# f: fixed cost of site
# c: var cost associated with site
# B: budget

set I := 1 2 3 4 5 6 7 8 9 10;

set J := 1 2 3 4 5 6 7 8 9 10;

param: 	p		:=
1		17821
2		2570
3		15738
4		5089
5		9992
6		19451
7		6082
8		1842
9		15664
10		16987;


param d:
	1		2		3		4		5		6		7		8		9		10   :=
1	0.5		10.3	25.7	73.4	85.6	129.2	118.9	5.7		105.2	17.6	
2	124.4	11.3	24.9	120.2	123.6	119.7	12.8	63.7	54.8	52.2	
3	16.5	56.5	47.7	62.8	110.2	1.7		19.9	108.8	16.6	103.1	
4	1.3		8.4		83.2	54		10.8	92.2	110.3	3.7		101.4	46.4	
5	15.3	8.1		6.6		92.9	62.8	100.7	18.9	98.3	90.5	98.6	
6	14.4	80		124		57.4	19.3	39.7	81.2	54.7	77.2	49.6	
7	53.1	94.2	82.8	33.4	1.2		101.4	95.9	38.3	118.5	58.6	
8	88.6	49.6	120.9	17.4	29.9	75.3	13.1	19.9	83.2	101		
9	72.9	132.8	51.7	16		13.9	114.8	35.5	33.1	6.2		99.8	
10	33.1	93.1	123.6	76.9	43.6	0.8		35.6	82.8	58.8	102.5	;


param B := 15000000;

param: 	f	c	:=
1	1510000	16
2	1890000	17
3	500000	72
4	1370000	10
5	820000	15
6	1680000	75
7	290000	81
8	1980000	36
9	1710000	17
10	990000	39;








